NumParticulas;TiempoReal;TiempoSimulado;TiempoMedio;Frames;TiempoComputo
1000;0,425;0,000;0,425;2,353;0
1000;0,694;0,050;0,269;3,717;0.034
1000;0,722;0,100;0,028;35,714;0.007
1000;0,757;0,150;0,035;28,571;0.01
1000;0,786;0,200;0,029;34,483;0.007
1000;0,820;0,250;0,034;29,412;0.006
1000;0,853;0,300;0,033;30,303;0.005
1000;0,885;0,350;0,032;31,250;0.006
1000;0,923;0,400;0,038;26,316;0.007
1000;0,953;0,450;0,030;33,333;0.007
1000;0,984;0,500;0,031;32,258;0.007
1000;1,007;0,550;0,023;43,478;0.007
1000;1,037;0,600;0,030;33,333;0.012
1000;1,067;0,650;0,030;33,333;0.009
1000;1,090;0,700;0,023;43,478;0.007
1000;1,119;0,750;0,029;34,483;0.011
1000;1,139;0,800;0,020;50,000;0.006
1000;1,160;0,850;0,021;47,619;0.008
1000;1,183;0,900;0,023;43,478;0.008
1000;1,202;0,950;0,019;52,632;0.006
1000;1,222;1,000;0,020;50,000;0.004
1000;1,244;1,050;0,022;45,455;0.008
1000;1,266;1,100;0,022;45,455;0.007
1000;1,286;1,150;0,020;50,000;0.006
1000;1,306;1,200;0,020;50,000;0.006
1000;1,328;1,250;0,022;45,455;0.009
1000;1,349;1,300;0,021;47,619;0.008
1000;1,370;1,350;0,021;47,619;0.006
1000;1,393;1,400;0,023;43,478;0.008
1000;1,416;1,450;0,023;43,478;0.008
1000;1,437;1,500;0,021;47,619;0.006
1000;1,459;1,550;0,022;45,455;0.007
1000;1,485;1,600;0,026;38,462;0.01
1000;1,504;1,650;0,019;52,632;0.006
1000;1,526;1,700;0,022;45,455;0.006
1000;1,550;1,750;0,024;41,667;0.009
1000;1,570;1,800;0,020;50,000;0.006
1000;1,590;1,850;0,020;50,000;0.006
1000;1,615;1,900;0,025;40,000;0.009
1000;1,634;1,950;0,019;52,632;0.006
1000;1,655;2,000;0,021;47,619;0.006
1000;1,676;2,050;0,021;47,619;0.007
1000;1,698;2,100;0,022;45,455;0.008
1000;1,718;2,150;0,020;50,000;0.006
1000;1,760;2,200;0,042;23,810;0.006
1000;1,779;2,250;0,019;52,632;0.007
1000;1,801;2,300;0,022;45,455;0.006
1000;1,823;2,350;0,022;45,455;0.007
1000;1,852;2,400;0,029;34,483;0.01
1000;1,878;2,450;0,026;38,462;0.007
1000;1,900;2,500;0,022;45,455;0.009
1000;1,922;2,550;0,022;45,455;0.006
1000;1,947;2,600;0,025;40,000;0.01
1000;1,966;2,650;0,019;52,632;0.006
1000;1,986;2,700;0,020;50,000;0.005
1000;2,007;2,750;0,021;47,619;0.006
1000;2,028;2,800;0,021;47,619;0.009
1000;2,049;2,850;0,021;47,619;0.007
1000;2,069;2,900;0,020;50,000;0.005
1000;2,088;2,950;0,019;52,632;0.005
1000;2,109;3,000;0,021;47,619;0.006
1000;2,132;3,050;0,023;43,478;0.007
1000;2,149;3,100;0,017;58,824;0.005
1000;2,168;3,150;0,019;52,632;0.005
1000;2,187;3,200;0,019;52,632;0.005
1000;2,207;3,250;0,020;50,000;0.006
1000;2,226;3,300;0,019;52,632;0.008
1000;2,249;3,350;0,023;43,478;0.009
1000;2,265;3,400;0,016;62,500;0.005
1000;2,285;3,450;0,020;50,000;0.006
1000;2,305;3,500;0,020;50,000;0.005
1000;2,326;3,550;0,021;47,619;0.007
1000;2,344;3,600;0,018;55,556;0.007
1000;2,365;3,650;0,021;47,619;0.005
1000;2,385;3,700;0,020;50,000;0.007
1000;2,406;3,750;0,021;47,619;0.005
1000;2,425;3,800;0,019;52,632;0.007
1000;2,448;3,850;0,023;43,478;0.009
1000;2,465;3,900;0,017;58,824;0.006
1000;2,485;3,950;0,020;50,000;0.005
1000;2,506;4,000;0,021;47,619;0.006
1000;2,526;4,050;0,020;50,000;0.007
1000;2,548;4,100;0,022;45,455;0.007
1000;2,568;4,150;0,020;50,000;0.006
1000;2,587;4,200;0,019;52,632;0.006
1000;2,607;4,250;0,020;50,000;0.005
1000;2,626;4,300;0,019;52,632;0.007
1000;2,643;4,350;0,017;58,824;0.007
1000;2,662;4,400;0,019;52,632;0.007
1000;2,683;4,450;0,021;47,619;0.006
1000;2,702;4,500;0,019;52,632;0.006
1000;2,721;4,550;0,019;52,632;0.006
1000;2,741;4,600;0,020;50,000;0.005
1000;2,761;4,650;0,020;50,000;0.008
1000;2,779;4,700;0,018;55,556;0.006
1000;2,799;4,750;0,020;50,000;0.006
1000;2,820;4,800;0,021;47,619;0.005
1000;2,839;4,850;0,019;52,632;0.005
1000;2,858;4,900;0,019;52,632;0.006
1000;2,881;4,950;0,023;43,478;0.008
1000;2,898;5,000;0,017;58,824;0.006
1000;2,919;5,050;0,021;47,619;0.006
1000;2,939;5,100;0,020;50,000;0.006
1000;2,959;5,150;0,020;50,000;0.007
1000;2,982;5,200;0,023;43,478;0.008
1000;2,999;5,250;0,017;58,824;0.006
1000;3,018;5,300;0,019;52,632;0.006
1000;3,036;5,350;0,018;55,556;0.005
1000;3,056;5,400;0,020;50,000;0.006
1000;3,076;5,450;0,020;50,000;0.007
1000;3,098;5,500;0,022;45,455;0.007
1000;3,119;5,550;0,021;47,619;0.006
1000;3,137;5,600;0,018;55,556;0.005
1000;3,157;5,650;0,020;50,000;0.005
1000;3,175;5,700;0,018;55,556;0.008
1000;3,195;5,750;0,020;50,000;0.008
1000;3,214;5,800;0,019;52,632;0.006
1000;3,233;5,850;0,019;52,632;0.005
1000;3,252;5,900;0,019;52,632;0.006
1000;3,272;5,950;0,020;50,000;0.005
1000;3,292;6,000;0,020;50,000;0.007
1000;3,313;6,050;0,021;47,619;0.008
1000;3,332;6,100;0,019;52,632;0.006
1000;3,352;6,150;0,020;50,000;0.005
1000;3,371;6,200;0,019;52,632;0.006
1000;3,392;6,250;0,021;47,619;0.005
1000;3,414;6,300;0,022;45,455;0.007
1000;3,431;6,350;0,017;58,824;0.006
1000;3,451;6,400;0,020;50,000;0.006
1000;3,469;6,450;0,018;55,556;0.005
1000;3,487;6,500;0,018;55,556;0.005
1000;3,507;6,550;0,020;50,000;0.005
1000;3,526;6,600;0,019;52,632;0.008
1000;3,545;6,650;0,019;52,632;0.007
1000;3,563;6,700;0,018;55,556;0.006
1000;3,583;6,750;0,020;50,000;0.005
1000;3,602;6,800;0,019;52,632;0.005
1000;3,620;6,850;0,018;55,556;0.005
1000;3,639;6,900;0,019;52,632;0.006
1000;3,665;6,950;0,026;38,462;0.006
1000;3,683;7,000;0,018;55,556;0.006
1000;3,702;7,050;0,019;52,632;0.005
1000;3,721;7,100;0,019;52,632;0.005
1000;3,740;7,150;0,019;52,632;0.006
1000;3,757;7,200;0,017;58,824;0.008
1000;3,775;7,250;0,018;55,556;0.008
1000;3,794;7,300;0,019;52,632;0.008
1000;3,812;7,350;0,018;55,556;0.006
1000;3,832;7,400;0,020;50,000;0.006
1000;3,856;7,450;0,024;41,667;0.005
1000;3,875;7,500;0,019;52,632;0.007
1000;3,893;7,550;0,018;55,556;0.008
1000;3,913;7,600;0,020;50,000;0.007
1000;3,933;7,650;0,020;50,000;0.006
1000;3,951;7,700;0,018;55,556;0.004
1000;3,970;7,750;0,019;52,632;0.006
1000;3,989;7,800;0,019;52,632;0.005
1000;4,008;7,850;0,019;52,632;0.007
1000;4,026;7,900;0,018;55,556;0.007
1000;4,046;7,950;0,020;50,000;0.007
1000;4,066;8,000;0,020;50,000;0.006
1000;4,084;8,050;0,018;55,556;0.004
1000;4,102;8,100;0,018;55,556;0.005
1000;4,121;8,150;0,019;52,632;0.005
1000;4,141;8,200;0,020;50,000;0.006
1000;4,158;8,250;0,017;58,824;0.007
1000;4,179;8,300;0,021;47,619;0.009
1000;4,196;8,350;0,017;58,824;0.006
1000;4,216;8,400;0,020;50,000;0.006
1000;4,235;8,450;0,019;52,632;0.006
1000;4,254;8,500;0,019;52,632;0.006
1000;4,276;8,550;0,022;45,455;0.005
1000;4,296;8,600;0,020;50,000;0.007
1000;4,314;8,650;0,018;55,556;0.005
1000;4,334;8,700;0,020;50,000;0.005
1000;4,351;8,750;0,017;58,824;0.005
1000;4,369;8,800;0,018;55,556;0.005
1000;4,388;8,850;0,019;52,632;0.005
1000;4,407;8,900;0,019;52,632;0.006
1000;4,426;8,950;0,019;52,632;0.008
1000;4,444;9,000;0,018;55,556;0.006
1000;4,461;9,050;0,017;58,824;0.006
1000;4,482;9,100;0,021;47,619;0.006
1000;4,502;9,150;0,020;50,000;0.006
1000;4,520;9,200;0,018;55,556;0.005
1000;4,538;9,250;0,018;55,556;0.005
1000;4,558;9,300;0,020;50,000;0.007
1000;4,577;9,350;0,019;52,632;0.008
1000;4,596;9,400;0,019;52,632;0.007
1000;4,616;9,450;0,020;50,000;0.006
1000;4,635;9,500;0,019;52,632;0.006
1000;4,653;9,550;0,018;55,556;0.006
1000;4,672;9,600;0,019;52,632;0.006
1000;4,690;9,650;0,018;55,556;0.006
1000;4,708;9,700;0,018;55,556;0.007
1000;4,726;9,750;0,018;55,556;0.008
1000;4,745;9,800;0,019;52,632;0.007
1000;4,765;9,850;0,020;50,000;0.005
1000;4,784;9,900;0,019;52,632;0.006
1000;4,802;9,950;0,018;55,556;0.006
1000;4,821;10,000;0,019;52,632;0.005
1000;4,842;10,050;0,021;47,619;0.006
1000;4,863;10,100;0,021;47,619;0.008
1000;4,880;10,150;0,017;58,824;0.006
1000;4,899;10,200;0,019;52,632;0.005
1000;4,918;10,250;0,019;52,632;0.006
1000;4,936;10,300;0,018;55,556;0.006
1000;4,955;10,350;0,019;52,632;0.006
1000;4,975;10,400;0,020;50,000;0.007
1000;4,993;10,450;0,018;55,556;0.008
1000;5,012;10,500;0,019;52,632;0.008
1000;5,033;10,550;0,021;47,619;0.005
1000;5,051;10,600;0,018;55,556;0.005
1000;5,068;10,650;0,017;58,824;0.006
1000;5,087;10,700;0,019;52,632;0.005
1000;5,107;10,750;0,020;50,000;0.006
1000;5,124;10,800;0,017;58,824;0.007
1000;5,142;10,850;0,018;55,556;0.008
1000;5,160;10,900;0,018;55,556;0.007
1000;5,179;10,950;0,019;52,632;0.006
1000;5,199;11,000;0,020;50,000;0.006
1000;5,217;11,050;0,018;55,556;0.006
1000;5,235;11,100;0,018;55,556;0.006
1000;5,254;11,150;0,019;52,632;0.006
1000;5,274;11,200;0,020;50,000;0.007
1000;5,295;11,250;0,021;47,619;0.009
1000;5,312;11,300;0,017;58,824;0.006
1000;5,331;11,350;0,019;52,632;0.005
1000;5,351;11,400;0,020;50,000;0.006
1000;5,369;11,450;0,018;55,556;0.006
1000;5,390;11,500;0,021;47,619;0.006
1000;5,409;11,550;0,019;52,632;0.008
1000;5,427;11,600;0,018;55,556;0.007
1000;5,447;11,650;0,020;50,000;0.006
1000;5,467;11,700;0,020;50,000;0.006
1000;5,485;11,750;0,018;55,556;0.005
1000;5,504;11,800;0,019;52,632;0.006
1000;5,524;11,850;0,020;50,000;0.007
1000;5,542;11,900;0,018;55,556;0.008
1000;5,563;11,950;0,021;47,619;0.008
1000;5,580;12,000;0,017;58,824;0.006
1000;5,600;12,050;0,020;50,000;0.006
1000;5,618;12,100;0,018;55,556;0.006
1000;5,635;12,150;0,017;58,824;0.005
1000;5,654;12,200;0,019;52,632;0.006
1000;5,675;12,250;0,021;47,619;0.006
1000;5,692;12,300;0,017;58,824;0.007
1000;5,710;12,350;0,018;55,556;0.007
1000;5,727;12,400;0,017;58,824;0.006
1000;5,749;12,450;0,022;45,455;0.007
1000;5,768;12,500;0,019;52,632;0.006
1000;5,786;12,550;0,018;55,556;0.005
1000;5,805;12,600;0,019;52,632;0.005
1000;5,824;12,650;0,019;52,632;0.007
1000;5,845;12,700;0,021;47,619;0.007
1000;5,864;12,750;0,019;52,632;0.007
1000;5,884;12,800;0,020;50,000;0.006
1000;5,902;12,850;0,018;55,556;0.006
1000;5,921;12,900;0,019;52,632;0.006
1000;5,940;12,950;0,019;52,632;0.006
1000;5,959;13,000;0,019;52,632;0.007
1000;5,977;13,050;0,018;55,556;0.007
1000;5,998;13,100;0,021;47,619;0.007
1000;6,017;13,150;0,019;52,632;0.006
1000;6,035;13,200;0,018;55,556;0.006
1000;6,053;13,250;0,018;55,556;0.006
1000;6,073;13,300;0,020;50,000;0.006
1000;6,091;13,350;0,018;55,556;0.007
1000;6,109;13,400;0,018;55,556;0.008
1000;6,128;13,450;0,019;52,632;0.007
1000;6,149;13,500;0,021;47,619;0.006
1000;6,167;13,550;0,018;55,556;0.006
1000;6,186;13,600;0,019;52,632;0.006
1000;6,204;13,650;0,018;55,556;0.005
1000;6,224;13,700;0,020;50,000;0.006
1000;6,242;13,750;0,018;55,556;0.008
1000;6,260;13,800;0,018;55,556;0.007
1000;6,281;13,850;0,021;47,619;0.006
1000;6,301;13,900;0,020;50,000;0.007
1000;6,320;13,950;0,019;52,632;0.007
1000;6,341;14,000;0,021;47,619;0.006
1000;6,360;14,050;0,019;52,632;0.008
1000;6,378;14,100;0,018;55,556;0.007
1000;6,398;14,150;0,020;50,000;0.006
1000;6,417;14,200;0,019;52,632;0.006
1000;6,435;14,250;0,018;55,556;0.006
1000;6,453;14,300;0,018;55,556;0.006
1000;6,474;14,350;0,021;47,619;0.006
1000;6,493;14,400;0,019;52,632;0.009
1000;6,512;14,450;0,019;52,632;0.008
1000;6,532;14,500;0,020;50,000;0.006
1000;6,551;14,550;0,019;52,632;0.006
1000;6,569;14,600;0,018;55,556;0.006
1000;6,589;14,650;0,020;50,000;0.006
1000;6,608;14,700;0,019;52,632;0.008
1000;6,626;14,750;0,018;55,556;0.008
1000;6,645;14,800;0,019;52,632;0.006
1000;6,665;14,850;0,020;50,000;0.006
1000;6,684;14,900;0,019;52,632;0.006
1000;6,703;14,950;0,019;52,632;0.006
1000;6,721;15,000;0,018;55,556;0.005
1000;6,741;15,050;0,020;50,000;0.007
1000;6,758;15,100;0,017;58,824;0.008
1000;6,777;15,150;0,019;52,632;0.008
1000;6,795;15,200;0,018;55,556;0.007
1000;6,815;15,250;0,020;50,000;0.006
1000;6,834;15,300;0,019;52,632;0.006
1000;6,857;15,350;0,023;43,478;0.006
1000;6,875;15,400;0,018;55,556;0.008
1000;6,895;15,450;0,020;50,000;0.007
1000;6,915;15,500;0,020;50,000;0.006
1000;6,935;15,550;0,020;50,000;0.006
1000;6,953;15,600;0,018;55,556;0.006
1000;6,973;15,650;0,020;50,000;0.007
1000;6,991;15,700;0,018;55,556;0.008
1000;7,013;15,750;0,022;45,455;0.009
1000;7,030;15,800;0,017;58,824;0.006
1000;7,049;15,850;0,019;52,632;0.006
1000;7,067;15,900;0,018;55,556;0.005
1000;7,087;15,950;0,020;50,000;0.006
1000;7,108;16,000;0,021;47,619;0.008
1000;7,128;16,050;0,020;50,000;0.008
1000;7,150;16,100;0,022;45,455;0.006
1000;7,170;16,150;0,020;50,000;0.006
1000;7,192;16,200;0,022;45,455;0.008
1000;7,212;16,250;0,020;50,000;0.007
1000;7,231;16,300;0,019;52,632;0.006
1000;7,251;16,350;0,020;50,000;0.006
1000;7,268;16,400;0,017;58,824;0.006
1000;7,287;16,450;0,019;52,632;0.006
1000;7,307;16,500;0,020;50,000;0.008
1000;7,327;16,550;0,020;50,000;0.008
1000;7,345;16,600;0,018;55,556;0.007
1000;7,365;16,650;0,020;50,000;0.006
1000;7,384;16,700;0,019;52,632;0.006
1000;7,404;16,750;0,020;50,000;0.007
1000;7,424;16,800;0,020;50,000;0.007
1000;7,442;16,850;0,018;55,556;0.008
1000;7,462;16,900;0,020;50,000;0.007
1000;7,482;16,950;0,020;50,000;0.006
1000;7,502;17,000;0,020;50,000;0.008
1000;7,520;17,050;0,018;55,556;0.006
1000;7,540;17,100;0,020;50,000;0.007
1000;7,559;17,150;0,019;52,632;0.008
1000;7,578;17,200;0,019;52,632;0.007
1000;7,599;17,250;0,021;47,619;0.006
1000;7,618;17,300;0,019;52,632;0.006
1000;7,636;17,350;0,018;55,556;0.006
1000;7,657;17,400;0,021;47,619;0.007
1000;7,676;17,450;0,019;52,632;0.008
1000;7,695;17,500;0,019;52,632;0.007
1000;7,715;17,550;0,020;50,000;0.006
1000;7,734;17,600;0,019;52,632;0.007
1000;7,752;17,650;0,018;55,556;0.006
1000;7,770;17,700;0,018;55,556;0.006
1000;7,791;17,750;0,021;47,619;0.007
1000;7,809;17,800;0,018;55,556;0.008
1000;7,829;17,850;0,020;50,000;0.008
1000;7,850;17,900;0,021;47,619;0.006
1000;7,868;17,950;0,018;55,556;0.005
1000;7,886;18,000;0,018;55,556;0.005
1000;7,904;18,050;0,018;55,556;0.005
1000;7,923;18,100;0,019;52,632;0.007
1000;7,946;18,150;0,023;43,478;0.01
1000;7,966;18,200;0,020;50,000;0.006
1000;7,984;18,250;0,018;55,556;0.005
1000;8,002;18,300;0,018;55,556;0.006
1000;8,020;18,350;0,018;55,556;0.005
1000;8,039;18,400;0,019;52,632;0.006
1000;8,057;18,450;0,018;55,556;0.007
1000;8,077;18,500;0,020;50,000;0.009
1000;8,096;18,550;0,019;52,632;0.007
1000;8,116;18,600;0,020;50,000;0.006
1000;8,133;18,650;0,017;58,824;0.005
1000;8,151;18,700;0,018;55,556;0.006
1000;8,169;18,750;0,018;55,556;0.006
1000;8,189;18,800;0,020;50,000;0.007
1000;8,208;18,850;0,019;52,632;0.008
1000;8,228;18,900;0,020;50,000;0.007
1000;8,248;18,950;0,020;50,000;0.006
1000;8,268;19,000;0,020;50,000;0.006
1000;8,287;19,050;0,019;52,632;0.006
1000;8,307;19,100;0,020;50,000;0.006
1000;8,331;19,150;0,024;41,667;0.009
1000;8,348;19,200;0,017;58,824;0.006
1000;8,367;19,250;0,019;52,632;0.006
1000;8,385;19,300;0,018;55,556;0.006
1000;8,402;19,350;0,017;58,824;0.006
1000;8,422;19,400;0,020;50,000;0.006
1000;8,441;19,450;0,019;52,632;0.008
1000;8,459;19,500;0,018;55,556;0.007
1000;8,478;19,550;0,019;52,632;0.007
1000;8,498;19,600;0,020;50,000;0.006
1000;8,517;19,650;0,019;52,632;0.006
1000;8,535;19,700;0,018;55,556;0.005
1000;8,553;19,750;0,018;55,556;0.006
1000;8,573;19,800;0,020;50,000;0.007
1000;8,592;19,850;0,019;52,632;0.009
1000;8,612;19,900;0,020;50,000;0.008
1000;8,631;19,950;0,019;52,632;0.006
1000;8,650;20,000;0,019;52,632;0.006
1000;8,667;20,050;0,017;58,824;0.005
1000;8,692;20,100;0,025;40,000;0.012
1000;8,712;20,150;0,020;50,000;0.007
1000;8,731;20,200;0,019;52,632;0.006
1000;8,751;20,250;0,020;50,000;0.006
1000;8,769;20,300;0,018;55,556;0.005
1000;8,787;20,350;0,018;55,556;0.005
1000;8,807;20,400;0,020;50,000;0.007
1000;8,825;20,450;0,018;55,556;0.007
1000;8,845;20,500;0,020;50,000;0.007
1000;8,865;20,550;0,020;50,000;0.007
1000;8,884;20,600;0,019;52,632;0.006
1000;8,902;20,650;0,018;55,556;0.005
1000;8,920;20,700;0,018;55,556;0.006
1000;8,940;20,750;0,020;50,000;0.006
1000;8,958;20,800;0,018;55,556;0.008
1000;8,978;20,850;0,020;50,000;0.008
1000;8,994;20,900;0,016;62,500;0.007
1000;9,014;20,950;0,020;50,000;0.006
1000;9,033;21,000;0,019;52,632;0.006
1000;9,051;21,050;0,018;55,556;0.006
1000;9,069;21,100;0,018;55,556;0.006
1000;9,089;21,150;0,020;50,000;0.007
1000;9,109;21,200;0,020;50,000;0.009
1000;9,129;21,250;0,020;50,000;0.008
1000;9,150;21,300;0,021;47,619;0.006
1000;9,168;21,350;0,018;55,556;0.006
1000;9,188;21,400;0,020;50,000;0.006
1000;9,207;21,450;0,019;52,632;0.008
1000;9,230;21,500;0,023;43,478;0.008
1000;9,247;21,550;0,017;58,824;0.006
1000;9,267;21,600;0,020;50,000;0.006
1000;9,285;21,650;0,018;55,556;0.006
1000;9,304;21,700;0,019;52,632;0.006
1000;9,324;21,750;0,020;50,000;0.007
1000;9,345;21,800;0,021;47,619;0.008
1000;9,362;21,850;0,017;58,824;0.006
1000;9,381;21,900;0,019;52,632;0.006
1000;9,400;21,950;0,019;52,632;0.006
1000;9,418;22,000;0,018;55,556;0.006
1000;9,436;22,050;0,018;55,556;0.006
1000;9,457;22,100;0,021;47,619;0.007
1000;9,476;22,150;0,019;52,632;0.009
1000;9,495;22,200;0,019;52,632;0.007
1000;9,514;22,250;0,019;52,632;0.006
1000;9,535;22,300;0,021;47,619;0.006
1000;9,555;22,350;0,020;50,000;0.006
1000;9,574;22,400;0,019;52,632;0.008
1000;9,594;22,450;0,020;50,000;0.007
1000;9,612;22,500;0,018;55,556;0.006
1000;9,632;22,550;0,020;50,000;0.006
1000;9,650;22,600;0,018;55,556;0.006
1000;9,668;22,650;0,018;55,556;0.006
1000;9,688;22,700;0,020;50,000;0.006
1000;9,707;22,750;0,019;52,632;0.008
1000;9,726;22,800;0,019;52,632;0.008
1000;9,745;22,850;0,019;52,632;0.007
1000;9,764;22,900;0,019;52,632;0.006
1000;9,784;22,950;0,020;50,000;0.006
1000;9,802;23,000;0,018;55,556;0.005
1000;9,820;23,050;0,018;55,556;0.006
1000;9,839;23,100;0,019;52,632;0.007
1000;9,863;23,150;0,024;41,667;0.011
1000;9,880;23,200;0,017;58,824;0.006
1000;9,899;23,250;0,019;52,632;0.006
1000;9,916;23,300;0,017;58,824;0.005
1000;9,935;23,350;0,019;52,632;0.007
1000;9,953;23,400;0,018;55,556;0.006
1000;9,973;23,450;0,020;50,000;0.006
1000;9,991;23,500;0,018;55,556;0.007
1000;10,013;23,550;0,022;45,455;0.008
1000;10,031;23,600;0,018;55,556;0.006
1000;10,050;23,650;0,019;52,632;0.006
1000;10,069;23,700;0,019;52,632;0.006
1000;10,089;23,750;0,020;50,000;0.006
1000;10,108;23,800;0,019;52,632;0.008
1000;10,128;23,850;0,020;50,000;0.008
1000;10,148;23,900;0,020;50,000;0.006
1000;10,167;23,950;0,019;52,632;0.006
1000;10,185;24,000;0,018;55,556;0.005
1000;10,206;24,050;0,021;47,619;0.007
1000;10,230;24,100;0,024;41,667;0.01
1000;10,249;24,150;0,019;52,632;0.007
1000;10,267;24,200;0,018;55,556;0.006
1000;10,285;24,250;0,018;55,556;0.005
1000;10,306;24,300;0,021;47,619;0.006
1000;10,325;24,350;0,019;52,632;0.008
1000;10,344;24,400;0,019;52,632;0.007
1000;10,362;24,450;0,018;55,556;0.006
1000;10,384;24,500;0,022;45,455;0.011
1000;10,410;24,550;0,026;38,462;0.01
1000;10,436;24,600;0,026;38,462;0.01
1000;10,462;24,650;0,026;38,462;0.01
1000;10,489;24,700;0,027;37,037;0.011
1000;10,514;24,750;0,025;40,000;0.011
1000;10,531;24,800;0,017;58,824;0.006
1000;10,550;24,850;0,019;52,632;0.006
1000;10,568;24,900;0,018;55,556;0.006
1000;10,587;24,950;0,019;52,632;0.006
1000;10,606;25,000;0,019;52,632;0.007
1000;10,623;25,050;0,017;58,824;0.007
1000;10,641;25,100;0,018;55,556;0.008
1000;10,659;25,150;0,018;55,556;0.007
1000;10,676;25,200;0,017;58,824;0.006
1000;10,697;25,250;0,021;47,619;0.007
1000;10,717;25,300;0,020;50,000;0.006
1000;10,734;25,350;0,017;58,824;0.005
1000;10,753;25,400;0,019;52,632;0.006
1000;10,772;25,450;0,019;52,632;0.006
1000;10,790;25,500;0,018;55,556;0.008
1000;10,810;25,550;0,020;50,000;0.008
1000;10,828;25,600;0,018;55,556;0.007
1000;10,848;25,650;0,020;50,000;0.006
1000;10,866;25,700;0,018;55,556;0.005
1000;10,884;25,750;0,018;55,556;0.006
1000;10,903;25,800;0,019;52,632;0.006
1000;10,923;25,850;0,020;50,000;0.006
1000;10,941;25,900;0,018;55,556;0.007
1000;10,959;25,950;0,018;55,556;0.007
1000;10,978;26,000;0,019;52,632;0.007
1000;10,997;26,050;0,019;52,632;0.006
1000;11,017;26,100;0,020;50,000;0.006
1000;11,035;26,150;0,018;55,556;0.005
1000;11,055;26,200;0,020;50,000;0.006
1000;11,072;26,250;0,017;58,824;0.006
1000;11,090;26,300;0,018;55,556;0.008
1000;11,108;26,350;0,018;55,556;0.008
1000;11,126;26,400;0,018;55,556;0.007
1000;11,142;26,450;0,016;62,500;0.005
1000;11,164;26,500;0,022;45,455;0.007
1000;11,183;26,550;0,019;52,632;0.006
1000;11,201;26,600;0,018;55,556;0.006
1000;11,220;26,650;0,019;52,632;0.006
1000;11,239;26,700;0,019;52,632;0.006
1000;11,258;26,750;0,019;52,632;0.008
1000;11,276;26,800;0,018;55,556;0.007
1000;11,297;26,850;0,021;47,619;0.006
1000;11,317;26,900;0,020;50,000;0.006
1000;11,335;26,950;0,018;55,556;0.006
1000;11,354;27,000;0,019;52,632;0.006
1000;11,374;27,050;0,020;50,000;0.008
1000;11,392;27,100;0,018;55,556;0.008
1000;11,411;27,150;0,019;52,632;0.008
1000;11,431;27,200;0,020;50,000;0.006
1000;11,450;27,250;0,019;52,632;0.006
1000;11,468;27,300;0,018;55,556;0.005
1000;11,488;27,350;0,020;50,000;0.006
1000;11,507;27,400;0,019;52,632;0.009
1000;11,529;27,450;0,022;45,455;0.009
1000;11,547;27,500;0,018;55,556;0.007
1000;11,568;27,550;0,021;47,619;0.007
1000;11,590;27,600;0,022;45,455;0.006
1000;11,612;27,650;0,022;45,455;0.009
1000;11,630;27,700;0,018;55,556;0.006
1000;11,650;27,750;0,020;50,000;0.006
1000;11,667;27,800;0,017;58,824;0.006
1000;11,686;27,850;0,019;52,632;0.006
1000;11,706;27,900;0,020;50,000;0.007
1000;11,730;27,950;0,024;41,667;0.008
1000;11,747;28,000;0,017;58,824;0.006
1000;11,769;28,050;0,022;45,455;0.007
1000;11,789;28,100;0,020;50,000;0.006
1000;11,813;28,150;0,024;41,667;0.009
1000;11,832;28,200;0,019;52,632;0.007
1000;11,853;28,250;0,021;47,619;0.006
1000;11,874;28,300;0,021;47,619;0.008
1000;11,898;28,350;0,024;41,667;0.01
1000;11,916;28,400;0,018;55,556;0.006
1000;11,936;28,450;0,020;50,000;0.007
1000;11,956;28,500;0,020;50,000;0.006
1000;11,975;28,550;0,019;52,632;0.008
1000;11,995;28,600;0,020;50,000;0.007
1000;12,016;28,650;0,021;47,619;0.007
1000;12,035;28,700;0,019;52,632;0.006
1000;12,057;28,750;0,022;45,455;0.007
1000;12,077;28,800;0,020;50,000;0.008
1000;12,099;28,850;0,022;45,455;0.007
1000;12,118;28,900;0,019;52,632;0.006
1000;12,141;28,950;0,023;43,478;0.007
1000;12,162;29,000;0,021;47,619;0.008
1000;12,183;29,050;0,021;47,619;0.006
1000;12,203;29,100;0,020;50,000;0.007
1000;12,225;29,150;0,022;45,455;0.009
1000;12,244;29,200;0,019;52,632;0.008
1000;12,265;29,250;0,021;47,619;0.005
1000;12,283;29,300;0,018;55,556;0.005
1000;12,301;29,350;0,018;55,556;0.006
1000;12,320;29,400;0,019;52,632;0.006
1000;12,343;29,450;0,023;43,478;0.007
1000;12,362;29,500;0,019;52,632;0.007
1000;12,382;29,550;0,020;50,000;0.006
1000;12,400;29,600;0,018;55,556;0.006
1000;12,418;29,650;0,018;55,556;0.006
1000;12,439;29,700;0,021;47,619;0.007
1000;12,457;29,750;0,018;55,556;0.008
1000;12,475;29,800;0,018;55,556;0.007
1000;12,492;29,850;0,017;58,824;0.006
1000;12,514;29,900;0,022;45,455;0.007
1000;12,534;29,950;0,020;50,000;0.006
1000;12,552;30,000;0,018;55,556;0.005
1000;12,571;30,050;0,019;52,632;0.006
1000;12,590;30,100;0,019;52,632;0.008
1000;12,608;30,150;0,018;55,556;0.008
1000;12,627;30,200;0,019;52,632;0.007
1000;12,647;30,250;0,020;50,000;0.006
1000;12,666;30,300;0,019;52,632;0.006
1000;12,684;30,350;0,018;55,556;0.006
1000;12,702;30,400;0,018;55,556;0.006
1000;12,721;30,450;0,019;52,632;0.006
1000;12,740;30,500;0,019;52,632;0.008
1000;12,759;30,550;0,019;52,632;0.008
1000;12,777;30,600;0,018;55,556;0.007
1000;12,796;30,650;0,019;52,632;0.005
1000;12,816;30,700;0,020;50,000;0.006
1000;12,834;30,750;0,018;55,556;0.005
1000;12,856;30,800;0,022;45,455;0.006
1000;12,876;30,850;0,020;50,000;0.009
1000;12,894;30,900;0,018;55,556;0.007
1000;12,914;30,950;0,020;50,000;0.006
1000;12,933;31,000;0,019;52,632;0.006
1000;12,952;31,050;0,019;52,632;0.006
1000;12,973;31,100;0,021;47,619;0.007
1000;12,991;31,150;0,018;55,556;0.008
1000;13,010;31,200;0,019;52,632;0.007
1000;13,030;31,250;0,020;50,000;0.007
1000;13,050;31,300;0,020;50,000;0.006
1000;13,067;31,350;0,017;58,824;0.005
1000;13,086;31,400;0,019;52,632;0.005
1000;13,105;31,450;0,019;52,632;0.006
1000;13,124;31,500;0,019;52,632;0.008
1000;13,146;31,550;0,022;45,455;0.009
1000;13,163;31,600;0,017;58,824;0.006
1000;13,182;31,650;0,019;52,632;0.006
1000;13,200;31,700;0,018;55,556;0.006
1000;13,217;31,750;0,017;58,824;0.005
1000;13,237;31,800;0,020;50,000;0.005
1000;13,256;31,850;0,019;52,632;0.007
1000;13,274;31,900;0,018;55,556;0.008
1000;13,292;31,950;0,018;55,556;0.007
1000;13,313;32,000;0,021;47,619;0.006
1000;13,332;32,050;0,019;52,632;0.006
1000;13,350;32,100;0,018;55,556;0.006
1000;13,368;32,150;0,018;55,556;0.006
1000;13,387;32,200;0,019;52,632;0.006
1000;13,406;32,250;0,019;52,632;0.007
1000;13,424;32,300;0,018;55,556;0.008
1000;13,441;32,350;0,017;58,824;0.007
1000;13,459;32,400;0,018;55,556;0.006
1000;13,480;32,450;0,021;47,619;0.007
1000;13,499;32,500;0,019;52,632;0.007
1000;13,517;32,550;0,018;55,556;0.006
1000;13,536;32,600;0,019;52,632;0.006
1000;13,555;32,650;0,019;52,632;0.007
1000;13,573;32,700;0,018;55,556;0.008
1000;13,592;32,750;0,019;52,632;0.008
1000;13,610;32,800;0,018;55,556;0.008
1000;13,630;32,850;0,020;50,000;0.005
1000;13,650;32,900;0,020;50,000;0.007
1000;13,668;32,950;0,018;55,556;0.005
1000;13,687;33,000;0,019;52,632;0.006
1000;13,713;33,050;0,026;38,462;0.012
1000;13,733;33,100;0,020;50,000;0.005
1000;13,749;33,150;0,016;62,500;0.004
1000;13,769;33,200;0,020;50,000;0.006
1000;13,790;33,250;0,021;47,619;0.008
1000;13,810;33,300;0,020;50,000;0.008
1000;13,831;33,350;0,021;47,619;0.006
1000;13,853;33,400;0,022;45,455;0.006
1000;13,874;33,450;0,021;47,619;0.008
1000;13,894;33,500;0,020;50,000;0.008
1000;13,915;33,550;0,021;47,619;0.007
1000;13,934;33,600;0,019;52,632;0.006
1000;13,952;33,650;0,018;55,556;0.006
1000;13,972;33,700;0,020;50,000;0.007
1000;13,990;33,750;0,018;55,556;0.008
1000;14,009;33,800;0,019;52,632;0.008
1000;14,027;33,850;0,018;55,556;0.007
1000;14,046;33,900;0,019;52,632;0.006
1000;14,066;33,950;0,020;50,000;0.006
1000;14,084;34,000;0,018;55,556;0.006
1000;14,103;34,050;0,019;52,632;0.006
1000;14,123;34,100;0,020;50,000;0.007
1000;14,141;34,150;0,018;55,556;0.008
1000;14,160;34,200;0,019;52,632;0.007
1000;14,180;34,250;0,020;50,000;0.006
1000;14,199;34,300;0,019;52,632;0.006
1000;14,217;34,350;0,018;55,556;0.006
1000;14,238;34,400;0,021;47,619;0.006
1000;14,256;34,450;0,018;55,556;0.008
1000;14,275;34,500;0,019;52,632;0.008
1000;14,294;34,550;0,019;52,632;0.007
1000;14,314;34,600;0,020;50,000;0.006
1000;14,333;34,650;0,019;52,632;0.006
1000;14,351;34,700;0,018;55,556;0.006
1000;14,369;34,750;0,018;55,556;0.006
1000;14,389;34,800;0,020;50,000;0.007
1000;14,406;34,850;0,017;58,824;0.007
1000;14,428;34,900;0,022;45,455;0.008
1000;14,445;34,950;0,017;58,824;0.006
1000;14,464;35,000;0,019;52,632;0.006
1000;14,483;35,050;0,019;52,632;0.005
1000;14,502;35,100;0,019;52,632;0.006
1000;14,523;35,150;0,021;47,619;0.006
1000;14,542;35,200;0,019;52,632;0.008
1000;14,560;35,250;0,018;55,556;0.007
1000;14,580;35,300;0,020;50,000;0.006
1000;14,599;35,350;0,019;52,632;0.006
1000;14,617;35,400;0,018;55,556;0.006
1000;14,636;35,450;0,019;52,632;0.006
1000;14,655;35,500;0,019;52,632;0.007
1000;14,674;35,550;0,019;52,632;0.008
1000;14,692;35,600;0,018;55,556;0.007
1000;14,713;35,650;0,021;47,619;0.006
1000;14,732;35,700;0,019;52,632;0.006
1000;14,750;35,750;0,018;55,556;0.006
1000;14,768;35,800;0,018;55,556;0.006
1000;14,788;35,850;0,020;50,000;0.006
1000;14,806;35,900;0,018;55,556;0.008
1000;14,824;35,950;0,018;55,556;0.008
1000;14,842;36,000;0,018;55,556;0.008
1000;14,861;36,050;0,019;52,632;0.007
1000;14,881;36,100;0,020;50,000;0.006
1000;14,900;36,150;0,019;52,632;0.006
1000;14,917;36,200;0,017;58,824;0.006
1000;14,934;36,250;0,017;58,824;0.004
1000;14,954;36,300;0,020;50,000;0.006
1000;14,971;36,350;0,017;58,824;0.007
1000;14,990;36,400;0,019;52,632;0.008
1000;15,008;36,450;0,018;55,556;0.007
1000;15,025;36,500;0,017;58,824;0.006
1000;15,047;36,550;0,022;45,455;0.008
1000;15,066;36,600;0,019;52,632;0.006
1000;15,084;36,650;0,018;55,556;0.005
1000;15,102;36,700;0,018;55,556;0.005
1000;15,122;36,750;0,020;50,000;0.007
1000;15,141;36,800;0,019;52,632;0.008
1000;15,160;36,850;0,019;52,632;0.007
1000;15,180;36,900;0,020;50,000;0.006
1000;15,199;36,950;0,019;52,632;0.006
1000;15,216;37,000;0,017;58,824;0.006
1000;15,234;37,050;0,018;55,556;0.005
1000;15,253;37,100;0,019;52,632;0.006
1000;15,273;37,150;0,020;50,000;0.006
1000;15,291;37,200;0,018;55,556;0.008
1000;15,310;37,250;0,019;52,632;0.007
1000;15,330;37,300;0,020;50,000;0.006
1000;15,349;37,350;0,019;52,632;0.006
1000;15,367;37,400;0,018;55,556;0.006
1000;15,386;37,450;0,019;52,632;0.006
1000;15,406;37,500;0,020;50,000;0.007
1000;15,425;37,550;0,019;52,632;0.008
1000;15,443;37,600;0,018;55,556;0.007
1000;15,463;37,650;0,020;50,000;0.006
1000;15,482;37,700;0,019;52,632;0.006
1000;15,500;37,750;0,018;55,556;0.006
1000;15,519;37,800;0,019;52,632;0.006
1000;15,539;37,850;0,020;50,000;0.007
1000;15,557;37,900;0,018;55,556;0.008
1000;15,577;37,950;0,020;50,000;0.008
1000;15,603;38,000;0,026;38,462;0.013
1000;15,622;38,050;0,019;52,632;0.007
1000;15,641;38,100;0,019;52,632;0.008
1000;15,660;38,150;0,019;52,632;0.007
1000;15,680;38,200;0,020;50,000;0.006
1000;15,699;38,250;0,019;52,632;0.006
1000;15,717;38,300;0,018;55,556;0.006
1000;15,737;38,350;0,020;50,000;0.007
1000;15,756;38,400;0,019;52,632;0.007
1000;15,776;38,450;0,020;50,000;0.008
1000;15,794;38,500;0,018;55,556;0.006
1000;15,814;38,550;0,020;50,000;0.006
1000;15,832;38,600;0,018;55,556;0.005
1000;15,853;38,650;0,021;47,619;0.006
1000;15,873;38,700;0,020;50,000;0.007
1000;15,892;38,750;0,019;52,632;0.008
1000;15,910;38,800;0,018;55,556;0.006
1000;15,932;38,850;0,022;45,455;0.008
1000;15,949;38,900;0,017;58,824;0.005
1000;15,967;38,950;0,018;55,556;0.006
1000;15,984;39,000;0,017;58,824;0.006
1000;16,002;39,050;0,018;55,556;0.005
1000;16,021;39,100;0,019;52,632;0.007
1000;16,039;39,150;0,018;55,556;0.008
1000;16,056;39,200;0,017;58,824;0.007
1000;16,074;39,250;0,018;55,556;0.008
1000;16,093;39,300;0,019;52,632;0.007
1000;16,113;39,350;0,020;50,000;0.006
1000;16,132;39,400;0,019;52,632;0.006
1000;16,150;39,450;0,018;55,556;0.006
1000;16,168;39,500;0,018;55,556;0.006
1000;16,188;39,550;0,020;50,000;0.007
1000;16,206;39,600;0,018;55,556;0.008
1000;16,227;39,650;0,021;47,619;0.008
1000;16,245;39,700;0,018;55,556;0.007
1000;16,264;39,750;0,019;52,632;0.006
1000;16,283;39,800;0,019;52,632;0.006
1000;16,304;39,850;0,021;47,619;0.006
1000;16,322;39,900;0,018;55,556;0.007
1000;16,340;39,950;0,018;55,556;0.008
1000;16,362;40,000;0,022;45,455;0.01
1000;16,380;40,050;0,018;55,556;0.006
1000;16,398;40,100;0,018;55,556;0.006
1000;16,416;40,150;0,018;55,556;0.005
1000;16,436;40,200;0,020;50,000;0.007
1000;16,455;40,250;0,019;52,632;0.008
1000;16,473;40,300;0,018;55,556;0.008
1000;16,492;40,350;0,019;52,632;0.007
1000;16,512;40,400;0,020;50,000;0.006
1000;16,532;40,450;0,020;50,000;0.007
1000;16,550;40,500;0,018;55,556;0.006
1000;16,569;40,550;0,019;52,632;0.006
1000;16,589;40,600;0,020;50,000;0.007
1000;16,607;40,650;0,018;55,556;0.008
1000;16,627;40,700;0,020;50,000;0.008
1000;16,647;40,750;0,020;50,000;0.006
1000;16,666;40,800;0,019;52,632;0.006
1000;16,684;40,850;0,018;55,556;0.006
1000;16,702;40,900;0,018;55,556;0.006
1000;16,721;40,950;0,019;52,632;0.006
1000;16,739;41,000;0,018;55,556;0.007
1000;16,758;41,050;0,019;52,632;0.008
1000;16,776;41,100;0,018;55,556;0.007
1000;16,795;41,150;0,019;52,632;0.006
1000;16,815;41,200;0,020;50,000;0.006
1000;16,833;41,250;0,018;55,556;0.005
1000;16,852;41,300;0,019;52,632;0.006
1000;16,872;41,350;0,020;50,000;0.006
1000;16,890;41,400;0,018;55,556;0.008
1000;16,909;41,450;0,019;52,632;0.007
1000;16,926;41,500;0,017;58,824;0.006
1000;16,946;41,550;0,020;50,000;0.005
1000;16,965;41,600;0,019;52,632;0.006
1000;16,984;41,650;0,019;52,632;0.006
1000;17,002;41,700;0,018;55,556;0.005
1000;17,022;41,750;0,020;50,000;0.006
1000;17,039;41,800;0,017;58,824;0.007
1000;17,057;41,850;0,018;55,556;0.008
1000;17,074;41,900;0,017;58,824;0.007
1000;17,093;41,950;0,019;52,632;0.006
1000;17,113;42,000;0,020;50,000;0.006
1000;17,132;42,050;0,019;52,632;0.006
1000;17,150;42,100;0,018;55,556;0.006
1000;17,168;42,150;0,018;55,556;0.005
1000;17,188;42,200;0,020;50,000;0.007
1000;17,206;42,250;0,018;55,556;0.008
1000;17,224;42,300;0,018;55,556;0.007
1000;17,242;42,350;0,018;55,556;0.006
1000;17,262;42,400;0,020;50,000;0.006
1000;17,283;42,450;0,021;47,619;0.007
1000;17,300;42,500;0,017;58,824;0.005
1000;17,319;42,550;0,019;52,632;0.006
1000;17,339;42,600;0,020;50,000;0.007
1000;17,358;42,650;0,019;52,632;0.008
1000;17,376;42,700;0,018;55,556;0.007
1000;17,395;42,750;0,019;52,632;0.006
1000;17,415;42,800;0,020;50,000;0.006
1000;17,434;42,850;0,019;52,632;0.006
1000;17,455;42,900;0,021;47,619;0.007
1000;17,473;42,950;0,018;55,556;0.007
1000;17,491;43,000;0,018;55,556;0.007
1000;17,508;43,050;0,017;58,824;0.005
1000;17,529;43,100;0,021;47,619;0.007
1000;17,549;43,150;0,020;50,000;0.007
1000;17,566;43,200;0,017;58,824;0.005
1000;17,584;43,250;0,018;55,556;0.006
1000;17,603;43,300;0,019;52,632;0.006
1000;17,622;43,350;0,019;52,632;0.007
1000;17,640;43,400;0,018;55,556;0.008
1000;17,659;43,450;0,019;52,632;0.007
1000;17,678;43,500;0,019;52,632;0.005
1000;17,697;43,550;0,019;52,632;0.006
1000;17,715;43,600;0,018;55,556;0.006
1000;17,733;43,650;0,018;55,556;0.006
1000;17,751;43,700;0,018;55,556;0.005
1000;17,770;43,750;0,019;52,632;0.006
1000;17,788;43,800;0,018;55,556;0.007
1000;17,805;43,850;0,017;58,824;0.007
1000;17,823;43,900;0,018;55,556;0.008
1000;17,840;43,950;0,017;58,824;0.007
1000;17,858;44,000;0,018;55,556;0.007
1000;17,880;44,050;0,022;45,455;0.007
1000;17,899;44,100;0,019;52,632;0.006
1000;17,917;44,150;0,018;55,556;0.005
1000;17,935;44,200;0,018;55,556;0.005
1000;17,953;44,250;0,018;55,556;0.005
1000;17,972;44,300;0,019;52,632;0.008
1000;17,991;44,350;0,019;52,632;0.007
1000;18,009;44,400;0,018;55,556;0.006
1000;18,028;44,450;0,019;52,632;0.006
1000;18,048;44,500;0,020;50,000;0.006
1000;18,066;44,550;0,018;55,556;0.005
1000;18,084;44,600;0,018;55,556;0.006
1000;18,103;44,650;0,019;52,632;0.006
1000;18,121;44,700;0,018;55,556;0.007
1000;18,139;44,750;0,018;55,556;0.008
1000;18,157;44,800;0,018;55,556;0.008
1000;18,176;44,850;0,019;52,632;0.007
1000;18,195;44,900;0,019;52,632;0.005
1000;18,214;44,950;0,019;52,632;0.006
1000;18,232;45,000;0,018;55,556;0.006
1000;18,250;45,050;0,018;55,556;0.006
1000;18,268;45,100;0,018;55,556;0.005
1000;18,287;45,150;0,019;52,632;0.006
1000;18,305;45,200;0,018;55,556;0.007
1000;18,322;45,250;0,017;58,824;0.007
1000;18,340;45,300;0,018;55,556;0.008
1000;18,357;45,350;0,017;58,824;0.007
1000;18,375;45,400;0,018;55,556;0.005
1000;18,396;45,450;0,021;47,619;0.006
1000;18,415;45,500;0,019;52,632;0.007
1000;18,433;45,550;0,018;55,556;0.006
1000;18,451;45,600;0,018;55,556;0.006
1000;18,471;45,650;0,020;50,000;0.006
1000;18,489;45,700;0,018;55,556;0.007
1000;18,506;45,750;0,017;58,824;0.007
1000;18,524;45,800;0,018;55,556;0.007
1000;18,546;45,850;0,022;45,455;0.006
1000;18,566;45,900;0,020;50,000;0.005
1000;18,584;45,950;0,018;55,556;0.005
1000;18,603;46,000;0,019;52,632;0.006
1000;18,622;46,050;0,019;52,632;0.007
1000;18,638;46,100;0,016;62,500;0.007
1000;18,656;46,150;0,018;55,556;0.008
1000;18,674;46,200;0,018;55,556;0.006
1000;18,695;46,250;0,021;47,619;0.005
1000;18,716;46,300;0,021;47,619;0.006
1000;18,739;46,350;0,023;43,478;0.007
1000;18,762;46,400;0,023;43,478;0.008
1000;18,781;46,450;0,019;52,632;0.006
1000;18,800;46,500;0,019;52,632;0.005
1000;18,818;46,550;0,018;55,556;0.005
1000;18,839;46,600;0,021;47,619;0.007
1000;18,861;46,650;0,022;45,455;0.01
1000;18,882;46,700;0,021;47,619;0.006
1000;18,901;46,750;0,019;52,632;0.006
1000;18,924;46,800;0,023;43,478;0.007
1000;18,943;46,850;0,019;52,632;0.007
1000;18,965;46,900;0,022;45,455;0.007
1000;18,984;46,950;0,019;52,632;0.005
1000;19,003;47,000;0,019;52,632;0.005
1000;19,021;47,050;0,018;55,556;0.006
1000;19,039;47,100;0,018;55,556;0.008
1000;19,057;47,150;0,018;55,556;0.007
1000;19,074;47,200;0,017;58,824;0.006
1000;19,095;47,250;0,021;47,619;0.007
1000;19,115;47,300;0,020;50,000;0.006
1000;19,133;47,350;0,018;55,556;0.006
1000;19,151;47,400;0,018;55,556;0.005
1000;19,169;47,450;0,018;55,556;0.005
1000;19,188;47,500;0,019;52,632;0.007
1000;19,206;47,550;0,018;55,556;0.007
1000;19,225;47,600;0,019;52,632;0.007
1000;19,256;47,650;0,031;32,258;0.014
1000;19,273;47,700;0,017;58,824;0.007
1000;19,290;47,750;0,017;58,824;0.006
1000;19,312;47,800;0,022;45,455;0.007
1000;19,331;47,850;0,019;52,632;0.006
1000;19,349;47,900;0,018;55,556;0.006
1000;19,367;47,950;0,018;55,556;0.006
1000;19,386;48,000;0,019;52,632;0.006
1000;19,406;48,050;0,020;50,000;0.008
1000;19,427;48,100;0,021;47,619;0.008
1000;19,444;48,150;0,017;58,824;0.006
1000;19,463;48,200;0,019;52,632;0.006
1000;19,482;48,250;0,019;52,632;0.006
1000;19,501;48,300;0,019;52,632;0.006
1000;19,519;48,350;0,018;55,556;0.005
1000;19,538;48,400;0,019;52,632;0.006
1000;19,555;48,450;0,017;58,824;0.007
1000;19,572;48,500;0,017;58,824;0.007
1000;19,592;48,550;0,020;50,000;0.008
1000;19,613;48,600;0,021;47,619;0.006
1000;19,631;48,650;0,018;55,556;0.005
1000;19,649;48,700;0,018;55,556;0.006
1000;19,667;48,750;0,018;55,556;0.006
1000;19,686;48,800;0,019;52,632;0.006
1000;19,705;48,850;0,019;52,632;0.007
1000;19,724;48,900;0,019;52,632;0.008
1000;19,743;48,950;0,019;52,632;0.007
1000;19,762;49,000;0,019;52,632;0.006
1000;19,781;49,050;0,019;52,632;0.005
1000;19,799;49,100;0,018;55,556;0.005
1000;19,817;49,150;0,018;55,556;0.005
1000;19,836;49,200;0,019;52,632;0.005
1000;19,855;49,250;0,019;52,632;0.009
1000;19,873;49,300;0,018;55,556;0.008
1000;19,892;49,350;0,019;52,632;0.007
1000;19,912;49,400;0,020;50,000;0.006
1000;19,932;49,450;0,020;50,000;0.006
1000;19,950;49,500;0,018;55,556;0.005
1000;19,968;49,550;0,018;55,556;0.005
1000;19,986;49,600;0,018;55,556;0.005
1000;20,004;49,650;0,018;55,556;0.007
1000;20,022;49,700;0,018;55,556;0.008
1000;20,039;49,750;0,017;58,824;0.006
1000;20,059;49,800;0,020;50,000;0.006
1000;20,078;49,850;0,019;52,632;0.007
1000;20,097;49,900;0,019;52,632;0.005
1000;20,115;49,950;0,018;55,556;0.005
1000;20,133;50,000;0,018;55,556;0.005
1000;20,150;50,050;0,017;58,824;0.005
1000;20,168;50,100;0,018;55,556;0.005
1000;20,187;50,150;0,019;52,632;0.006
1000;20,205;50,200;0,018;55,556;0.008
1000;20,224;50,250;0,019;52,632;0.007
1000;20,241;50,300;0,017;58,824;0.006
1000;20,258;50,350;0,017;58,824;0.006
1000;20,279;50,400;0,021;47,619;0.007
1000;20,298;50,450;0,019;52,632;0.006
1000;20,316;50,500;0,018;55,556;0.006
1000;20,334;50,550;0,018;55,556;0.005
1000;20,351;50,600;0,017;58,824;0.005
1000;20,369;50,650;0,018;55,556;0.005
1000;20,387;50,700;0,018;55,556;0.007
1000;20,404;50,750;0,017;58,824;0.007
1000;20,422;50,800;0,018;55,556;0.008
1000;20,439;50,850;0,017;58,824;0.007
1000;20,457;50,900;0,018;55,556;0.007
1000;20,476;50,950;0,019;52,632;0.005
1000;20,495;51,000;0,019;52,632;0.006
1000;20,514;51,050;0,019;52,632;0.006
1000;20,532;51,100;0,018;55,556;0.005
1000;20,549;51,150;0,017;58,824;0.005
1000;20,567;51,200;0,018;55,556;0.005
1000;20,584;51,250;0,017;58,824;0.005
1000;20,604;51,300;0,020;50,000;0.006
1000;20,621;51,350;0,017;58,824;0.007
1000;20,639;51,400;0,018;55,556;0.008
1000;20,656;51,450;0,017;58,824;0.007
1000;20,676;51,500;0,020;50,000;0.007
1000;20,693;51,549;0,017;58,824;0.006
1000;20,710;51,599;0,017;58,824;0.005
1000;20,727;51,649;0,017;58,824;0.005
1000;20,743;51,699;0,016;62,500;0.005
1000;20,763;51,749;0,020;50,000;0.006
1000;20,780;51,799;0,017;58,824;0.006
1000;20,799;51,849;0,019;52,632;0.005
1000;20,816;51,899;0,017;58,824;0.006
1000;20,833;51,949;0,017;58,824;0.006
1000;20,851;51,999;0,018;55,556;0.005
1000;20,872;52,049;0,021;47,619;0.007
1000;20,888;52,099;0,016;62,500;0.007
1000;20,906;52,149;0,018;55,556;0.008
1000;20,923;52,199;0,017;58,824;0.006
1000;20,941;52,249;0,018;55,556;0.005
1000;20,961;52,299;0,020;50,000;0.007
1000;20,980;52,349;0,019;52,632;0.005
1000;20,998;52,399;0,018;55,556;0.005
1000;21,015;52,449;0,017;58,824;0.005
1000;21,033;52,499;0,018;55,556;0.006
1000;21,051;52,549;0,018;55,556;0.005
1000;21,069;52,599;0,018;55,556;0.005
1000;21,087;52,649;0,018;55,556;0.006
1000;21,104;52,699;0,017;58,824;0.008
1000;21,121;52,749;0,017;58,824;0.007
1000;21,139;52,799;0,018;55,556;0.008
1000;21,161;52,849;0,022;45,455;0.007
1000;21,179;52,899;0,018;55,556;0.005
1000;21,197;52,949;0,018;55,556;0.005
1000;21,215;52,999;0,018;55,556;0.006
1000;21,232;53,049;0,017;58,824;0.005
1000;21,249;53,099;0,017;58,824;0.005
1000;21,266;53,149;0,017;58,824;0.005
1000;21,282;53,199;0,016;62,500;0.005
1000;21,299;53,249;0,017;58,824;0.005
1000;21,317;53,299;0,018;55,556;0.005
1000;21,337;53,349;0,020;50,000;0.007
1000;21,354;53,399;0,017;58,824;0.008
1000;21,373;53,449;0,019;52,632;0.007
1000;21,390;53,499;0,017;58,824;0.007
1000;21,408;53,549;0,018;55,556;0.006
1000;21,423;53,599;0,015;66,667;0.005
1000;21,442;53,649;0,019;52,632;0.007
1000;21,462;53,699;0,020;50,000;0.006
1000;21,480;53,749;0,018;55,556;0.006
1000;21,499;53,799;0,019;52,632;0.006
1000;21,521;53,849;0,022;45,455;0.006
1000;21,550;53,899;0,029;34,483;0.013
1000;21,579;53,949;0,029;34,483;0.011
1000;21,598;53,999;0,019;52,632;0.007
1000;21,617;54,049;0,019;52,632;0.006
1000;21,636;54,099;0,019;52,632;0.005
1000;21,655;54,149;0,019;52,632;0.007
1000;21,672;54,199;0,017;58,824;0.006
1000;21,689;54,249;0,017;58,824;0.007
1000;21,707;54,299;0,018;55,556;0.006
1000;21,724;54,349;0,017;58,824;0.005
1000;21,745;54,399;0,021;47,619;0.007
1000;21,764;54,449;0,019;52,632;0.005
1000;21,781;54,499;0,017;58,824;0.005
1000;21,798;54,549;0,017;58,824;0.005
1000;21,815;54,599;0,017;58,824;0.006
1000;21,833;54,649;0,018;55,556;0.006
1000;21,855;54,699;0,022;45,455;0.005
1000;21,873;54,749;0,018;55,556;0.007
1000;21,889;54,799;0,016;62,500;0.007
1000;21,909;54,849;0,020;50,000;0.007
1000;21,928;54,899;0,019;52,632;0.005
1000;21,946;54,949;0,018;55,556;0.005
1000;21,965;54,999;0,019;52,632;0.006
1000;21,981;55,049;0,016;62,500;0.005
1000;21,999;55,099;0,018;55,556;0.005
1000;22,016;55,149;0,017;58,824;0.005
1000;22,033;55,199;0,017;58,824;0.005
1000;22,051;55,249;0,018;55,556;0.006
1000;22,070;55,299;0,019;52,632;0.006
1000;22,087;55,349;0,017;58,824;0.007
1000;22,103;55,399;0,016;62,500;0.007
1000;22,121;55,449;0,018;55,556;0.007
1000;22,139;55,499;0,018;55,556;0.008
1000;22,157;55,549;0,018;55,556;0.006
1000;22,175;55,599;0,018;55,556;0.007
1000;22,195;55,649;0,020;50,000;0.006
1000;22,212;55,699;0,017;58,824;0.005
1000;22,230;55,749;0,018;55,556;0.005
1000;22,247;55,799;0,017;58,824;0.005
1000;22,265;55,849;0,018;55,556;0.005
1000;22,281;55,899;0,016;62,500;0.005
1000;22,298;55,949;0,017;58,824;0.005
1000;22,317;55,999;0,019;52,632;0.005
1000;22,335;56,049;0,018;55,556;0.005
1000;22,354;56,099;0,019;52,632;0.006
1000;22,373;56,149;0,019;52,632;0.007
1000;22,388;56,199;0,015;66,667;0.007
1000;22,407;56,249;0,019;52,632;0.007
1000;22,421;56,299;0,014;71,429;0.006
1000;22,440;56,349;0,019;52,632;0.007
1000;22,455;56,399;0,015;66,667;0.006
1000;22,473;56,449;0,018;55,556;0.007
1000;22,489;56,499;0,016;62,500;0.006
1000;22,506;56,549;0,017;58,824;0.006
1000;22,524;56,599;0,018;55,556;0.005
1000;22,539;56,649;0,015;66,667;0.006
1000;22,557;56,699;0,018;55,556;0.006
1000;22,574;56,749;0,017;58,824;0.005
1000;22,590;56,799;0,016;62,500;0.006
1000;22,608;56,849;0,018;55,556;0.007
1000;22,625;56,899;0,017;58,824;0.006
1000;22,644;56,949;0,019;52,632;0.006
1000;22,662;56,999;0,018;55,556;0.006
1000;22,680;57,049;0,018;55,556;0.005
1000;22,697;57,099;0,017;58,824;0.006
1000;22,714;57,149;0,017;58,824;0.006
1000;22,731;57,199;0,017;58,824;0.006
1000;22,749;57,249;0,018;55,556;0.005
1000;22,768;57,299;0,019;52,632;0.005
1000;22,787;57,349;0,019;52,632;0.007
1000;22,804;57,399;0,017;58,824;0.006
1000;22,820;57,449;0,016;62,500;0.008
1000;22,839;57,499;0,019;52,632;0.006
1000;22,854;57,549;0,015;66,667;0.006
1000;22,871;57,599;0,017;58,824;0.008
1000;22,890;57,649;0,019;52,632;0.007
1000;22,906;57,699;0,016;62,500;0.007
1000;22,924;57,749;0,018;55,556;0.006
1000;22,942;57,799;0,018;55,556;0.005
1000;22,959;57,849;0,017;58,824;0.006
1000;22,978;57,899;0,019;52,632;0.005
1000;22,996;57,949;0,018;55,556;0.005
1000;23,013;57,999;0,017;58,824;0.005
1000;23,030;58,049;0,017;58,824;0.005
1000;23,047;58,099;0,017;58,824;0.005
1000;23,065;58,149;0,018;55,556;0.006
1000;23,083;58,199;0,018;55,556;0.005
1000;23,099;58,249;0,016;62,500;0.005
1000;23,119;58,299;0,020;50,000;0.006
1000;23,136;58,349;0,017;58,824;0.006
1000;23,154;58,399;0,018;55,556;0.007
1000;23,170;58,449;0,016;62,500;0.007
1000;23,186;58,499;0,016;62,500;0.007
1000;23,206;58,549;0,020;50,000;0.008
1000;23,221;58,599;0,015;66,667;0.008
1000;23,239;58,649;0,018;55,556;0.008
1000;23,256;58,699;0,017;58,824;0.007
1000;23,272;58,749;0,016;62,500;0.007
1000;23,290;58,799;0,018;55,556;0.007
1000;23,307;58,849;0,017;58,824;0.005
1000;23,325;58,899;0,018;55,556;0.006
1000;23,343;58,949;0,018;55,556;0.007
1000;23,361;58,999;0,018;55,556;0.006
1000;23,386;59,049;0,025;40,000;0.012
1000;23,404;59,099;0,018;55,556;0.007
1000;23,422;59,149;0,018;55,556;0.007
1000;23,437;59,199;0,015;66,667;0.007
1000;23,456;59,249;0,019;52,632;0.007
1000;23,481;59,299;0,025;40,000;0.013
1000;23,499;59,349;0,018;55,556;0.006
1000;23,514;59,399;0,015;66,667;0.005
1000;23,531;59,449;0,017;58,824;0.006
1000;23,548;59,499;0,017;58,824;0.005
1000;23,566;59,549;0,018;55,556;0.005
1000;23,582;59,599;0,016;62,500;0.005
1000;23,601;59,649;0,019;52,632;0.005
1000;23,627;59,699;0,026;38,462;0.013
1000;23,645;59,749;0,018;55,556;0.006
1000;23,670;59,799;0,025;40,000;0.013
1000;23,689;59,849;0,019;52,632;0.008
1000;23,704;59,899;0,015;66,667;0.007
1000;23,724;59,949;0,020;50,000;0.007
1000;23,747;59,999;0,023;43,478;0.011
1000;23,767;60,049;0,020;50,000;0.005
1000;23,792;60,099;0,025;40,000;0.013
1000;23,809;60,149;0,017;58,824;0.005
1000;23,825;60,199;0,016;62,500;0.005
1000;23,843;60,249;0,018;55,556;0.006
1000;23,861;60,299;0,018;55,556;0.006
1000;23,878;60,349;0,017;58,824;0.005
1000;23,896;60,399;0,018;55,556;0.005
1000;23,912;60,449;0,016;62,500;0.005
1000;23,929;60,499;0,017;58,824;0.006
1000;23,946;60,549;0,017;58,824;0.006
1000;23,963;60,599;0,017;58,824;0.006
1000;23,980;60,649;0,017;58,824;0.005
1000;23,997;60,699;0,017;58,824;0.005
1000;24,017;60,749;0,020;50,000;0.006
1000;24,034;60,799;0,017;58,824;0.005
1000;24,051;60,849;0,017;58,824;0.006
1000;24,068;60,899;0,017;58,824;0.006
1000;24,085;60,949;0,017;58,824;0.007
1000;24,102;60,999;0,017;58,824;0.007
1000;24,120;61,049;0,018;55,556;0.006
1000;24,138;61,099;0,018;55,556;0.007
1000;24,153;61,149;0,015;66,667;0.007
1000;24,171;61,199;0,018;55,556;0.006
1000;24,189;61,249;0,018;55,556;0.006
1000;24,203;61,299;0,014;71,429;0.006
1000;24,221;61,349;0,018;55,556;0.007
1000;24,236;61,399;0,015;66,667;0.007
1000;24,254;61,449;0,018;55,556;0.007
1000;24,272;61,499;0,018;55,556;0.007
1000;24,288;61,549;0,016;62,500;0.007
1000;24,306;61,599;0,018;55,556;0.007
1000;24,330;61,649;0,024;41,667;0.012
1000;24,349;61,699;0,019;52,632;0.007
1000;24,365;61,749;0,016;62,500;0.006
1000;24,384;61,799;0,019;52,632;0.005
1000;24,400;61,849;0,016;62,500;0.005
1000;24,418;61,899;0,018;55,556;0.006
1000;24,435;61,949;0,017;58,824;0.006
1000;24,453;61,999;0,018;55,556;0.006
1000;24,469;62,049;0,016;62,500;0.006
1000;24,488;62,099;0,019;52,632;0.006
1000;24,503;62,149;0,015;66,667;0.007
1000;24,521;62,199;0,018;55,556;0.007
1000;24,537;62,249;0,016;62,500;0.008
1000;24,554;62,299;0,017;58,824;0.006
1000;24,572;62,349;0,018;55,556;0.007
1000;24,586;62,399;0,014;71,429;0.006
1000;24,604;62,449;0,018;55,556;0.007
1000;24,621;62,499;0,017;58,824;0.007
1000;24,639;62,549;0,018;55,556;0.007
1000;24,654;62,599;0,015;66,667;0.007
1000;24,673;62,649;0,019;52,632;0.007
1000;24,687;62,699;0,014;71,429;0.006
1000;24,705;62,749;0,018;55,556;0.008
1000;24,730;62,799;0,025;40,000;0.013
1000;24,749;62,849;0,019;52,632;0.006
1000;24,764;62,899;0,015;66,667;0.005
1000;24,782;62,949;0,018;55,556;0.006
1000;24,799;62,999;0,017;58,824;0.005
1000;24,817;63,049;0,018;55,556;0.005
1000;24,833;63,099;0,016;62,500;0.005
1000;24,853;63,149;0,020;50,000;0.005
1000;24,871;63,199;0,018;55,556;0.007
1000;24,896;63,249;0,025;40,000;0.013
1000;24,916;63,299;0,020;50,000;0.006
1000;24,931;63,349;0,015;66,667;0.005
1000;24,949;63,399;0,018;55,556;0.004
1000;24,964;63,449;0,015;66,667;0.005
1000;24,982;63,499;0,018;55,556;0.005
1000;24,998;63,549;0,016;62,500;0.005
1000;25,017;63,599;0,019;52,632;0.005
1000;25,034;63,649;0,017;58,824;0.005
1000;25,051;63,699;0,017;58,824;0.006
1000;25,069;63,749;0,018;55,556;0.006
1000;25,088;63,799;0,019;52,632;0.007
1000;25,103;63,849;0,015;66,667;0.007
1000;25,120;63,899;0,017;58,824;0.008
1000;25,138;63,949;0,018;55,556;0.007
1000;25,154;63,999;0,016;62,500;0.007
1000;25,170;64,049;0,016;62,500;0.007
1000;25,195;64,099;0,025;40,000;0.013
1000;25,215;64,149;0,020;50,000;0.005
1000;25,239;64,199;0,024;41,667;0.013
1000;25,257;64,249;0,018;55,556;0.007
1000;25,280;64,299;0,023;43,478;0.012
1000;25,298;64,349;0,018;55,556;0.006
1000;25,313;64,399;0,015;66,667;0.005
1000;25,332;64,449;0,019;52,632;0.005
1000;25,347;64,499;0,015;66,667;0.005
1000;25,366;64,549;0,019;52,632;0.005
1000;25,381;64,599;0,015;66,667;0.005
1000;25,400;64,649;0,019;52,632;0.006
1000;25,416;64,699;0,016;62,500;0.005
1000;25,435;64,749;0,019;52,632;0.006
1000;25,461;64,799;0,026;38,462;0.014
1000;25,480;64,849;0,019;52,632;0.005
1000;25,503;64,899;0,023;43,478;0.013
1000;25,521;64,949;0,018;55,556;0.008
1000;25,546;64,999;0,025;40,000;0.013
1000;25,564;65,049;0,018;55,556;0.005
1000;25,580;65,099;0,016;62,500;0.005
1000;25,598;65,149;0,018;55,556;0.005
1000;25,614;65,199;0,016;62,500;0.005
1000;25,632;65,249;0,018;55,556;0.005
1000;25,649;65,299;0,017;58,824;0.006
1000;25,669;65,349;0,020;50,000;0.006
1000;25,685;65,399;0,016;62,500;0.006
1000;25,705;65,449;0,020;50,000;0.007
1000;25,729;65,499;0,024;41,667;0.013
1000;25,748;65,549;0,019;52,632;0.006
1000;25,764;65,599;0,016;62,500;0.005
1000;25,781;65,649;0,017;58,824;0.004
1000;25,797;65,699;0,016;62,500;0.005
1000;25,814;65,749;0,017;58,824;0.006
1000;25,833;65,799;0,019;52,632;0.005
1000;25,850;65,849;0,017;58,824;0.005
1000;25,867;65,899;0,017;58,824;0.007
1000;25,887;65,949;0,020;50,000;0.007
1000;25,902;65,999;0,015;66,667;0.007
1000;25,920;66,049;0,018;55,556;0.007
1000;25,945;66,099;0,025;40,000;0.013
1000;25,963;66,149;0,018;55,556;0.006
1000;25,979;66,199;0,016;62,500;0.005
1000;25,999;66,249;0,020;50,000;0.005
1000;26,014;66,299;0,015;66,667;0.005
1000;26,034;66,349;0,020;50,000;0.006
1000;26,053;66,399;0,019;52,632;0.006
1000;26,071;66,449;0,018;55,556;0.007
1000;26,090;66,499;0,019;52,632;0.006
1000;26,110;66,549;0,020;50,000;0.004
1000;26,125;66,599;0,015;66,667;0.002
1000;26,141;66,649;0,016;62,500;0.003
1000;26,159;66,699;0,018;55,556;0.003
1000;26,175;66,749;0,016;62,500;0.003
1000;26,193;66,799;0,018;55,556;0.003
1000;26,210;66,849;0,017;58,824;0.001
1000;26,225;66,899;0,015;66,667;0.001
1000;26,244;66,949;0,019;52,632;0.002
1000;26,258;66,999;0,014;71,429;0
1000;26,275;67,049;0,017;58,824;0.003
1000;26,292;67,099;0,017;58,824;0.002
1000;26,308;67,149;0,016;62,500;0.002
1000;26,327;67,200;0,019;52,632;0.002
1000;26,345;67,250;0,018;55,556;0.001
1000;26,363;67,300;0,018;55,556;0.002
1000;26,381;67,350;0,018;55,556;0.001
1000;26,398;67,400;0,017;58,824;0.002
1000;26,417;67,450;0,019;52,632;0.001
1000;26,434;67,500;0,017;58,824;0.002
1000;26,452;67,550;0,018;55,556;0.001
1000;26,469;67,600;0,017;58,824;0.002
1000;26,488;67,650;0,019;52,632;0.001
1000;26,505;67,700;0,017;58,824;0.002
1000;26,523;67,750;0,018;55,556;0.001
1000;26,545;67,800;0,022;45,455;0.002
1000;26,565;67,850;0,020;50,000;0.001
1000;26,583;67,900;0,018;55,556;0.002
1000;26,602;67,950;0,019;52,632;0.001
1000;26,620;68,000;0,018;55,556;0.002
1000;26,637;68,050;0,017;58,824;0.001
1000;26,655;68,100;0,018;55,556;0.002
1000;26,672;68,150;0,017;58,824;0
1000;26,693;68,200;0,021;47,619;0.005
1000;26,712;68,250;0,019;52,632;0.001
1000;26,729;68,300;0,017;58,824;0.001
1000;26,743;68,350;0,014;71,429;0.001
1000;26,762;68,400;0,019;52,632;0.002
1000;26,778;68,450;0,016;62,500;0
1000;26,796;68,500;0,018;55,556;0
1000;26,814;68,550;0,018;55,556;0.002
1000;26,832;68,600;0,018;55,556;0.001
1000;26,848;68,650;0,016;62,500;0.002
1000;26,866;68,700;0,018;55,556;0.001
1000;26,885;68,750;0,019;52,632;0.002
1000;26,903;68,800;0,018;55,556;0.001
1000;26,920;68,850;0,017;58,824;0.001
1000;26,937;68,900;0,017;58,824;0.001
1000;26,956;68,950;0,019;52,632;0.001
1000;26,975;69,000;0,019;52,632;0.003
1000;26,993;69,050;0,018;55,556;0.001
1000;27,010;69,100;0,017;58,824;0.002
1000;27,029;69,150;0,019;52,632;0.001
1000;27,045;69,200;0,016;62,500;0.001
1000;27,064;69,250;0,019;52,632;0.001
1000;27,080;69,300;0,016;62,500;0.001
1000;27,099;69,350;0,019;52,632;0
1000;27,115;69,400;0,016;62,500;0
1000;27,132;69,450;0,017;58,824;0.002
1000;27,151;69,500;0,019;52,632;0.002
1000;27,168;69,550;0,017;58,824;0.002
1000;27,186;69,600;0,018;55,556;0.001
1000;27,203;69,650;0,017;58,824;0.002
1000;27,221;69,700;0,018;55,556;0.001
1000;27,237;69,750;0,016;62,500;0.003
1000;27,256;69,800;0,019;52,632;0.001
1000;27,272;69,850;0,016;62,500;0.001
1000;27,294;69,900;0,022;45,455;0.002
1000;27,312;69,950;0,018;55,556;0.001
1000;27,331;70,000;0,019;52,632;0
1000;27,345;70,050;0,014;71,429;0
1000;27,364;70,100;0,019;52,632;0
1000;27,380;70,150;0,016;62,500;0.001
1000;27,399;70,200;0,019;52,632;0.001
1000;27,416;70,250;0,017;58,824;0
1000;27,434;70,300;0,018;55,556;0
1000;27,450;70,350;0,016;62,500;0
1000;27,467;70,400;0,017;58,824;0.002
1000;27,484;70,450;0,017;58,824;0.001
1000;27,501;70,500;0,017;58,824;0
1000;27,518;70,550;0,017;58,824;0.002
1000;27,536;70,600;0,018;55,556;0.001
1000;27,553;70,650;0,017;58,824;0.002
1000;27,571;70,700;0,018;55,556;0.001
1000;27,589;70,750;0,018;55,556;0.003
1000;27,607;70,800;0,018;55,556;0.001
1000;27,623;70,850;0,016;62,500;0.003
1000;27,640;70,900;0,017;58,824;0.001
1000;27,659;70,950;0,019;52,632;0.003
1000;27,678;71,000;0,019;52,632;0.001
1000;27,694;71,050;0,016;62,500;0
1000;27,712;71,100;0,018;55,556;0
1000;27,727;71,150;0,015;66,667;0
1000;27,744;71,200;0,017;58,824;0.002
1000;27,761;71,250;0,017;58,824;0.001
1000;27,779;71,300;0,018;55,556;0
1000;27,796;71,350;0,017;58,824;0.001
1000;27,813;71,400;0,017;58,824;0.001
1000;27,830;71,450;0,017;58,824;0.002
1000;27,849;71,500;0,019;52,632;0.001
1000;27,863;71,550;0,014;71,429;0.002
1000;27,882;71,600;0,019;52,632;0.001
1000;27,899;71,650;0,017;58,824;0
1000;27,915;71,700;0,016;62,500;0
1000;27,932;71,750;0,017;58,824;0.001
1000;27,949;71,800;0,017;58,824;0.002
1000;27,967;71,850;0,018;55,556;0.001
1000;27,984;71,900;0,017;58,824;0
1000;28,000;71,950;0,016;62,500;0
1000;28,017;72,000;0,017;58,824;0
1000;28,034;72,050;0,017;58,824;0.002
1000;28,054;72,100;0,020;50,000;0.001
1000;28,071;72,150;0,017;58,824;0
1000;28,085;72,200;0,014;71,429;0.001
1000;28,103;72,250;0,018;55,556;0.001
1000;28,119;72,300;0,016;62,500;0
1000;28,137;72,350;0,018;55,556;0
1000;28,153;72,400;0,016;62,500;0.001
1000;28,170;72,450;0,017;58,824;0
1000;28,189;72,500;0,019;52,632;0
1000;28,206;72,550;0,017;58,824;0.002
1000;28,223;72,600;0,017;58,824;0.002
1000;28,241;72,650;0,018;55,556;0.002
1000;28,256;72,700;0,015;66,667;0.002
1000;28,274;72,750;0,018;55,556;0.001
1000;28,291;72,800;0,017;58,824;0.002
1000;28,308;72,850;0,017;58,824;0.002
1000;28,325;72,900;0,017;58,824;0.002
1000;28,344;72,950;0,019;52,632;0.003
1000;28,362;73,000;0,018;55,556;0.001
1000;28,379;73,050;0,017;58,824;0.002
1000;28,399;73,100;0,020;50,000;0.001
1000;28,415;73,150;0,016;62,500;0.001
1000;28,434;73,200;0,019;52,632;0.001
1000;28,450;73,250;0,016;62,500;0.001
1000;28,468;73,300;0,018;55,556;0.001
1000;28,485;73,350;0,017;58,824;0
1000;28,503;73,400;0,018;55,556;0.002
1000;28,522;73,450;0,019;52,632;0.001
1000;28,540;73,500;0,018;55,556;0.002
1000;28,560;73,550;0,020;50,000;0.001
1000;28,578;73,600;0,018;55,556;0.002
1000;28,595;73,650;0,017;58,824;0.001
1000;28,613;73,700;0,018;55,556;0.002
1000;28,632;73,750;0,019;52,632;0.001
1000;28,650;73,800;0,018;55,556;0.002
1000;28,667;73,850;0,017;58,824;0.002
1000;28,687;73,900;0,020;50,000;0
1000;28,705;73,950;0,018;55,556;0.003
1000;28,723;74,000;0,018;55,556;0.001
1000;28,740;74,050;0,017;58,824;0.001
1000;28,757;74,100;0,017;58,824;0.001
1000;28,774;74,150;0,017;58,824;0.001
1000;28,791;74,200;0,017;58,824;0.002
1000;28,806;74,250;0,015;66,667;0.003
1000;28,822;74,300;0,016;62,500;0.001
1000;28,840;74,350;0,018;55,556;0.002
1000;28,858;74,400;0,018;55,556;0.002
1000;28,875;74,450;0,017;58,824;0.001
1000;28,894;74,500;0,019;52,632;0.001
1000;28,909;74,550;0,015;66,667;0
1000;28,925;74,600;0,016;62,500;0.001
1000;28,942;74,650;0,017;58,824;0.001
1000;28,958;74,700;0,016;62,500;0.001
1000;28,977;74,750;0,019;52,632;0.002
1000;28,994;74,800;0,017;58,824;0.002
1000;29,012;74,850;0,018;55,556;0.001
1000;29,029;74,900;0,017;58,824;0
1000;29,046;74,950;0,017;58,824;0
1000;29,065;75,000;0,019;52,632;0.002
1000;29,083;75,050;0,018;55,556;0.001
1000;29,099;75,100;0,016;62,500;0
1000;29,117;75,150;0,018;55,556;0
1000;29,134;75,200;0,017;58,824;0
1000;29,148;75,250;0,014;71,429;0
1000;29,166;75,300;0,018;55,556;0.001
1000;29,183;75,350;0,017;58,824;0.002
1000;29,201;75,400;0,018;55,556;0.001
1000;29,217;75,450;0,016;62,500;0
1000;29,234;75,500;0,017;58,824;0
1000;29,250;75,550;0,016;62,500;0
1000;29,267;75,600;0,017;58,824;0
1000;29,284;75,650;0,017;58,824;0
1000;29,301;75,700;0,017;58,824;0
1000;29,317;75,750;0,016;62,500;0
1000;29,334;75,800;0,017;58,824;0
1000;29,351;75,850;0,017;58,824;0
1000;29,368;75,900;0,017;58,824;0.002
1000;29,386;75,950;0,018;55,556;0.001
1000;29,403;76,000;0,017;58,824;0.002
1000;29,422;76,050;0,019;52,632;0.001
1000;29,439;76,100;0,017;58,824;0.002
1000;29,457;76,150;0,018;55,556;0.002
1000;29,472;76,200;0,015;66,667;0.002
1000;29,488;76,250;0,016;62,500;0.001
1000;29,505;76,300;0,017;58,824;0.002
1000;29,523;76,350;0,018;55,556;0.001
1000;29,538;76,400;0,015;66,667;0.001
1000;29,555;76,450;0,017;58,824;0.001
1000;29,572;76,500;0,017;58,824;0.001
1000;29,589;76,550;0,017;58,824;0.001
1000;29,604;76,600;0,015;66,667;0.001
1000;29,622;76,650;0,018;55,556;0.001
1000;29,642;76,700;0,020;50,000;0.003
1000;29,660;76,750;0,018;55,556;0.006
1000;29,686;76,800;0,026;38,462;0.014
1000;29,704;76,850;0,018;55,556;0.007
1000;29,720;76,900;0,016;62,500;0.007
1000;29,738;76,950;0,018;55,556;0.006
1000;29,753;77,000;0,015;66,667;0.007
1000;29,772;77,050;0,019;52,632;0.007
1000;29,795;77,100;0,023;43,478;0.011
1000;29,814;77,150;0,019;52,632;0.005
1000;29,829;77,200;0,015;66,667;0.004
1000;29,848;77,250;0,019;52,632;0.005
1000;29,863;77,300;0,015;66,667;0.004
1000;29,882;77,350;0,019;52,632;0.005
1000;29,904;77,400;0,022;45,455;0.012
1000;29,923;77,450;0,019;52,632;0.007
1000;29,945;77,500;0,022;45,455;0.011
1000;29,965;77,550;0,020;50,000;0.005
1000;29,979;77,600;0,014;71,429;0.004
1000;29,997;77,650;0,018;55,556;0.005
1000;30,013;77,700;0,016;62,500;0.004
1000;30,030;77,750;0,017;58,824;0.005
1000;30,047;77,800;0,017;58,824;0.004
1000;30,065;77,850;0,018;55,556;0.004
1000;30,080;77,900;0,015;66,667;0.004
1000;30,100;77,950;0,020;50,000;0.004
1000;30,125;78,000;0,025;40,000;0.012
1000;30,144;78,050;0,019;52,632;0.005
1000;30,160;78,100;0,016;62,500;0.004
1000;30,177;78,150;0,017;58,824;0.005
1000;30,194;78,200;0,017;58,824;0.005
1000;30,213;78,250;0,019;52,632;0.005
1000;30,229;78,300;0,016;62,500;0.004
1000;30,248;78,350;0,019;52,632;0.005
1000;30,263;78,400;0,015;66,667;0.004
1000;30,282;78,450;0,019;52,632;0.005
1000;30,297;78,500;0,015;66,667;0.005
1000;30,316;78,550;0,019;52,632;0.005
1000;30,332;78,600;0,016;62,500;0.005
1000;30,351;78,650;0,019;52,632;0.005
1000;30,377;78,700;0,026;38,462;0.013
1000;30,395;78,750;0,018;55,556;0.006
1000;30,411;78,800;0,016;62,500;0.005
1000;30,430;78,850;0,019;52,632;0.005
1000;30,446;78,900;0,016;62,500;0.005
1000;30,464;78,950;0,018;55,556;0.004
1000;30,480;79,000;0,016;62,500;0.005
1000;30,500;79,050;0,020;50,000;0.004
1000;30,526;79,100;0,026;38,462;0.012
1000;30,544;79,150;0,018;55,556;0.005
1000;30,560;79,200;0,016;62,500;0.004
1000;30,576;79,250;0,016;62,500;0.005
1000;30,593;79,300;0,017;58,824;0.006
1000;30,610;79,350;0,017;58,824;0.006
1000;30,627;79,400;0,017;58,824;0.005
1000;30,646;79,450;0,019;52,632;0.005
1000;30,662;79,500;0,016;62,500;0.005
1000;30,682;79,550;0,020;50,000;0.005
1000;30,697;79,600;0,015;66,667;0.005
1000;30,716;79,650;0,019;52,632;0.005
1000;30,731;79,700;0,015;66,667;0.005
1000;30,749;79,750;0,018;55,556;0.005
1000;30,768;79,800;0,019;52,632;0.004
1000;30,792;79,850;0,024;41,667;0.011
1000;30,810;79,900;0,018;55,556;0.005
1000;30,834;79,950;0,024;41,667;0.011
1000;30,852;80,000;0,018;55,556;0.006
1000;30,870;80,050;0,018;55,556;0.006
1000;30,888;80,100;0,018;55,556;0.006
1000;30,902;80,150;0,014;71,429;0.006
1000;30,920;80,200;0,018;55,556;0.007
1000;30,944;80,250;0,024;41,667;0.012
1000;30,963;80,300;0,019;52,632;0.005
1000;30,984;80,350;0,021;47,619;0.01
1000;31,003;80,400;0,019;52,632;0.007
1000;31,018;80,450;0,015;66,667;0.007
1000;31,036;80,500;0,018;55,556;0.008
1000;31,055;80,550;0,019;52,632;0.007
1000;31,071;80,600;0,016;62,500;0.005
1000;31,087;80,650;0,016;62,500;0.005
1000;31,104;80,700;0,017;58,824;0.005
1000;31,121;80,750;0,017;58,824;0.005
1000;31,137;80,800;0,016;62,500;0.005
1000;31,154;80,850;0,017;58,824;0.005
1000;31,171;80,900;0,017;58,824;0.005
1000;31,187;80,950;0,016;62,500;0.005
1000;31,204;81,000;0,017;58,824;0.005
1000;31,221;81,050;0,017;58,824;0.005
1000;31,239;81,100;0,018;55,556;0.005
1000;31,256;81,150;0,017;58,824;0.005
1000;31,273;81,200;0,017;58,824;0.006
1000;31,289;81,250;0,016;62,500;0.005
1000;31,307;81,300;0,018;55,556;0.006
1000;31,324;81,350;0,017;58,824;0.006
1000;31,339;81,400;0,015;66,667;0.005
1000;31,356;81,450;0,017;58,824;0.005
1000;31,372;81,500;0,016;62,500;0.006
1000;31,389;81,550;0,017;58,824;0.008
1000;31,405;81,600;0,016;62,500;0.005
1000;31,422;81,650;0,017;58,824;0.005
1000;31,438;81,700;0,016;62,500;0.005
1000;31,455;81,750;0,017;58,824;0.006
1000;31,472;81,800;0,017;58,824;0.006
1000;31,495;81,850;0,023;43,478;0.011
1000;31,513;81,900;0,018;55,556;0.005
1000;31,535;81,950;0,022;45,455;0.011
1000;31,552;82,000;0,017;58,824;0.006
1000;31,570;82,050;0,018;55,556;0.006
1000;31,594;82,100;0,024;41,667;0.012
1000;31,612;82,150;0,018;55,556;0.006
1000;31,629;82,200;0,017;58,824;0.004
1000;31,645;82,250;0,016;62,500;0.004
1000;31,664;82,300;0,019;52,632;0.004
1000;31,679;82,350;0,015;66,667;0.004
1000;31,699;82,400;0,020;50,000;0.005
1000;31,714;82,450;0,015;66,667;0.004
1000;31,734;82,500;0,020;50,000;0.005
1000;31,750;82,550;0,016;62,500;0.005
1000;31,767;82,600;0,017;58,824;0.006
1000;31,785;82,650;0,018;55,556;0.005
1000;31,810;82,700;0,025;40,000;0.012
1000;31,828;82,750;0,018;55,556;0.005
1000;31,848;82,800;0,020;50,000;0.008
1000;31,866;82,850;0,018;55,556;0.005
1000;31,890;82,900;0,024;41,667;0.012
1000;31,909;82,950;0,019;52,632;0.005
1000;31,925;83,000;0,016;62,500;0.004
1000;31,942;83,050;0,017;58,824;0.005
1000;31,960;83,100;0,018;55,556;0.006
1000;31,977;83,150;0,017;58,824;0.005
1000;31,994;83,200;0,017;58,824;0.005
1000;32,013;83,250;0,019;52,632;0.005
1000;32,029;83,300;0,016;62,500;0.005
1000;32,047;83,350;0,018;55,556;0.004
1000;32,062;83,400;0,015;66,667;0.004
1000;32,082;83,450;0,020;50,000;0.005
1000;32,098;83,500;0,016;62,500;0.005
1000;32,118;83,550;0,020;50,000;0.005
1000;32,144;83,601;0,026;38,462;0.013
1000;32,161;83,651;0,017;58,824;0.005
1000;32,184;83,701;0,023;43,478;0.011
1000;32,202;83,751;0,018;55,556;0.007
1000;32,221;83,801;0,019;52,632;0.007
1000;32,245;83,851;0,024;41,667;0.012
1000;32,263;83,901;0,018;55,556;0.005
1000;32,285;83,951;0,022;45,455;0.011
1000;32,303;84,001;0,018;55,556;0.006
1000;32,319;84,051;0,016;62,500;0.006
1000;32,337;84,101;0,018;55,556;0.006
1000;32,361;84,151;0,024;41,667;0.011
1000;32,379;84,201;0,018;55,556;0.005
1000;32,395;84,251;0,016;62,500;0.004
1000;32,412;84,301;0,017;58,824;0.004
1000;32,428;84,351;0,016;62,500;0.004
1000;32,447;84,401;0,019;52,632;0.004
1000;32,462;84,451;0,015;66,667;0.004
1000;32,481;84,501;0,019;52,632;0.005
1000;32,496;84,551;0,015;66,667;0.004
1000;32,515;84,601;0,019;52,632;0.005
1000;32,540;84,651;0,025;40,000;0.012
1000;32,558;84,701;0,018;55,556;0.005
1000;32,575;84,751;0,017;58,824;0.004
1000;32,599;84,801;0,024;41,667;0.011
1000;32,617;84,851;0,018;55,556;0.006
1000;32,636;84,901;0,019;52,632;0.007
1000;32,652;84,951;0,016;62,500;0.008
1000;32,670;85,001;0,018;55,556;